82,n: 28 38 67 69 80 81 83 
14,n: 13 15 37 45 62 75 
94,n: 25 32 63 81 90 93 95 
85,n: 7 25 84 86 
60,n: 28 59 61 
30,n: 18 29 31 50 
98,n: 8 10 17 48 88 90 97 99 
46,n: 34 45 47 86 
95,n: 11 63 94 96 
79,n: 7 35 75 77 78 80 86 
22,n: 21 23 71 
72,n: 13 15 58 71 73 
48,n: 13 47 49 83 98 
58,n: 57 59 72 78 
29,n: 0 25 28 30 
12,n: 11 13 80 92 
62,n: 1 14 17 40 61 63 87 
32,n: 31 33 57 59 61 76 81 94 99 
25,n: 23 24 26 29 64 85 90 94 
49,n: 16 42 48 50 57 74 
80,n: 4 12 24 50 79 81 82 
1,n: 0 2 7 21 62 86 
65,n: 64 66 96 
13,n: 12 14 18 19 37 48 66 67 72 
23,n: 7 9 22 24 25 40 66 
84,n: 6 9 38 83 85 
33,n: 6 7 32 34 41 52 69 86 
92,n: 12 91 93 
0,i: 1 27 29 40 
45,n: 5 14 17 27 31 44 46 68 76 
16,n: 11 15 17 49 77 87 
28,n: 11 27 29 60 82 
70,n: 35 69 71 73 
64,n: 25 63 65 67 74 
36,n: 35 37 89 
6,n: 5 7 33 61 67 83 84 
4,n: 3 5 80 88 96 97 99 
53,n: 15 21 51 52 54 
41,n: 17 33 40 42 
73,n: 70 72 74 
21,n: 1 8 18 20 22 53 57 68 
52,n: 33 40 51 53 54 71 
39,n: 8 38 40 
10,n: 9 11 19 35 63 90 98 
90,n: 10 25 40 63 68 77 89 91 94 98 
57,n: 3 21 32 49 56 58 
86,n: 1 33 46 74 79 85 87 
68,n: 18 21 44 45 67 69 88 90 
69,n: 11 33 68 70 82 
89,n: 24 26 36 88 90 
81,n: 32 66 80 82 94 
66,n: 13 23 65 67 81 96 
2,n: 1 3 38 83 
35,n: 10 34 36 70 79 
78,n: 43 58 77 79 
96,n: 4 65 66 91 95 97 
38,n: 2 37 39 54 82 84 
11,n: 10 12 16 18 28 69 95 
56,n: 26 44 55 57 75 77 83 
59,n: 3 32 58 60 
87,n: 16 62 86 88 93 
24,n: 23 25 80 88 89 
27,n: 0 18 26 28 45 
44,n: 43 45 56 68 
37,n: 8 13 14 36 38 50 99 
15,n: 5 14 16 17 53 55 72 83 97 
7,n: 1 3 6 8 23 26 33 79 85 
83,n: 2 6 15 48 56 82 84 
76,n: 32 45 75 77 
99,n: 4 32 37 98 
8,n: 7 9 21 37 39 42 98 
54,n: 38 52 53 55 
75,n: 14 40 56 74 76 79 
50,n: 30 37 49 51 80 
34,n: 9 33 35 46 93 
5,n: 4 6 15 45 51 
97,n: 4 15 96 98 
17,n: 15 16 18 41 42 45 62 88 98 
74,n: 40 49 61 63 64 73 75 86 93 
61,n: 6 32 42 60 62 74 
20,n: 19 21 
77,n: 16 18 56 76 78 79 90 
31,n: 30 32 45 93 
67,n: 6 13 64 66 68 82 
91,n: 19 42 90 92 96 
42,n: 8 17 41 43 49 61 91 
55,n: 15 54 56 
47,n: 46 48 93 
88,n: 4 17 19 24 68 87 89 98 
63,n: 10 62 64 74 90 94 95 
19,n: 10 13 18 20 26 40 88 91 
71,n: 22 52 70 72 
9,n: 8 10 23 34 84 
26,n: 7 19 25 27 56 89 
93,n: 31 34 47 74 87 92 94 
40,n: 0 19 23 39 41 52 62 74 75 90 
43,n: 42 44 78 
51,n: 5 50 52 53 
3,n: 2 4 7 57 59 
18,n: 11 13 17 19 21 27 30 68 77 
